image: hty0330.pgm.pgm
resolution: 0.050000
origin: [-7.400000, -9.883791, 0.000000]
negate: 0
occupied_thresh: 0.65
free_thresh: 0.196

